time,zero_buds,one_bud,total_counted,percentage_budding
0,229,5,234,2.137
5,211,5,216,2.315
10,221,7,228,3.07
15,201,4,205,1.951
20,227,21,248,8.468
25,203,15,218,6.881
30,205,14,219,6.393
35,202,30,232,12.931
40,110,94,204,46.078
45,105,118,223,52.915
50,83,149,232,64.224
55,82,159,241,65.975
60,62,169,231,73.16
65,42,230,272,84.559
70,28,194,222,87.387
75,21,209,230,90.87
80,31,198,229,86.463
85,52,170,222,76.577
90,89,126,215,58.605
95,113,121,234,51.709
100,110,100,210,47.619
105,114,110,224,49.107
110,128,89,217,41.014
115,160,135,295,45.763
120,94,128,222,57.658
125,105,149,254,58.661
130,85,181,266,68.045
135,57,152,209,72.727
140,63,149,212,70.283
145,57,181,238,76.05
150,60,162,222,72.973
155,89,174,263,66.16
160,101,127,228,55.702
165,107,119,226,52.655
170,91,129,220,58.636
175,117,167,284,58.803
180,103,140,243,57.613
185,117,135,252,53.571
190,88,135,223,60.538
195,83,137,220,62.273
200,72,139,211,65.877
205,104,158,262,60.305
210,64,151,215,70.233
215,69,168,237,70.886
220,70,145,215,67.442
225,77,133,210,63.333
230,73,133,206,64.563
235,83,136,219,62.1
240,91,123,214,57.477
245,81,135,216,62.5
250,84,131,215,60.93
